zones: 
    0: [(58, 584.5749969482422), (122, 583.5749969482422), (101, 668.5749969482422), (30, 671.5749969482422)]
    1: [(193, 578.5749969482422), (183, 667.5749969482422), (102, 670.5749969482422), (122, 583.5749969482422)]
    2: [(264, 573.5749969482422), (260, 663.5749969482422), (183, 669.5749969482422), (195, 578.5749969482422)]
    3: [(264, 572.5750122070312), (339, 566.5750122070312), (349, 652.5750122070312), (261, 662.5750122070312)]
    4: [(340, 566.5750122070312), (415, 558.5750122070312), (433, 646.5750122070312), (346, 654.5750122070312)]
    5: [(417, 558.5750122070312), (488, 549.5750122070312), (523, 632.5750122070312), (437, 647.5750122070312)]
    6: [(489, 550.9750061035156), (564, 541.9750061035156), (604, 619.9750061035156), (522, 632.9750061035156)]
    7: [(632, 534.9750061035156), (683, 609.9750061035156), (604, 621.9750061035156), (564, 541.9750061035156)]
    8: [(700, 526.9750061035156), (757, 596.9750061035156), (683, 611.9750061035156), (633, 534.9750061035156)]
    9: [(766, 517.9750061035156), (824, 582.9750061035156), (758, 597.9750061035156), (703, 527.9750061035156)]
    10: [(821, 507.9750061035156), (884, 568.9750061035156), (825, 582.9750061035156), (767, 518.9750061035156)]
    11: [(823, 508.5750045776367), (875, 497.5750045776367), (941, 555.5750045776367), (886, 571.5750045776367)]

number_of_zone: 12
frame_width: 1280
frame_height: 800